gen:0.5041043990738792
dis:0.5041043990738792
